video_validation_0000051
[[67.5, 75.9, 3], [85.9, 90.6, 3], [139.3, 148.2, 3]]

video_validation_0000052
[[24.3, 24.8, 3]]

video_validation_0000053
[[9.1, 13.8, 3], [22.4, 24.8, 3], [34.3, 40.1, 3], [49.7, 53.0, 3], [63.6, 68.5, 3], [74.6, 80.6, 3], [88.5, 90.7, 3], [96.7, 99.2, 3], [112.7, 113.8, 3], [124.5, 130.0, 3], [138.4, 146.0, 3], [152.8, 156.1, 3], [163.9, 166.4, 3], [175.9, 181.0, 3], [188.8, 193.8, 3]]

video_validation_0000054
[[126.9, 127.6, 3]]

video_validation_0000055
[[20.5, 25.6, 3], [46.8, 51.6, 3], [58.6, 67.7, 3], [72.9, 77.2, 3], [85.6, 90.9, 3], [95.1, 99.6, 3], [104.2, 108.4, 3], [116.8, 121.7, 3], [127.4, 133.1, 3]]

video_validation_0000056
[[17.4, 24.3, 3], [27.4, 35.4, 3], [50.5, 52.7, 3], [60.1, 62.6, 3], [72.1, 72.9, 3], [85.0, 86.0, 3], [91.4, 94.8, 3], [101.8, 106.8, 3], [120.8, 123.5, 3], [124.9, 126.7, 3], [131.2, 131.8, 3]]

video_validation_0000057
[[9.4, 11.7, 3], [43.7, 47.6, 3], [70.1, 73.7, 3], [80.4, 83.3, 3], [91.5, 96.8, 3], [104.8, 107.1, 3], [112.7, 117.6, 3], [140.3, 142.4, 3], [148.4, 150.1, 3], [159.7, 163.3, 3], [185.8, 189.0, 3], [196.5, 201.9, 3], [215.8, 220.8, 3]]

video_validation_0000058
[[10.9, 11.6, 3], [82.9, 84.3, 3], [114.2, 115.9, 3], [123.7, 126.2, 3]]

video_validation_0000059
[[4.9, 6.7, 3], [25.6, 27.2, 3], [42.6, 44.3, 3], [68.5, 70.3, 3], [82.8, 84.4, 3], [90.8, 91.3, 3], [104.2, 104.8, 3], [112.1, 113.0, 3], [123.0, 124.7, 3], [132.6, 134.0, 3], [145.5, 146.4, 3], [170.6, 172.0, 3], [183.3, 183.8, 3], [200.7, 204.5, 3], [213.4, 215.0, 3]]

video_validation_0000060
[[23.9, 31.2, 3], [50.2, 56.6, 3], [60.1, 63.5, 3], [73.7, 76.7, 3], [101.0, 105.0, 3], [123.2, 127.9, 3], [133.5, 136.4, 3], [141.6, 145.3, 3], [149.2, 152.1, 3]]

video_validation_0000151
[[10.2, 22.9, 4]]

video_validation_0000152
[[12.8, 28.4, 4], [56.0, 62.6, 4], [98.1, 124.8, 4]]

video_validation_0000153
[[4.3, 10.9, 4], [16.3, 21.1, 4], [28.5, 36.8, 4], [56.2, 73.0, 4], [85.7, 101.0, 4], [121.4, 141.6, 4]]

video_validation_0000154
[[5.4, 11.6, 4], [13.0, 19.7, 4], [21.4, 29.3, 4]]

video_validation_0000155
[[35.6, 45.2, 4]]

video_validation_0000156
[[3.5, 10.7, 4], [19.5, 27.2, 4], [116.8, 121.5, 4], [127.2, 133.4, 4], [144.9, 151.4, 4], [164.8, 173.9, 4], [184.7, 192.9, 4], [226.1, 234.6, 4]]

video_validation_0000157
[[0.3, 9.6, 4], [10.7, 49.6, 4]]

video_validation_0000158
[[3.9, 16.1, 4], [24.4, 34.6, 4], [47.0, 165.1, 4], [215.2, 224.3, 4], [235.8, 244.2, 4], [249.0, 258.8, 4], [262.7, 272.8, 4]]

video_validation_0000159
[[35.2, 51.6, 4], [98.8, 123.2, 4], [133.8, 136.3, 4], [230.3, 246.1, 4], [266.5, 274.0, 4], [368.2, 388.6, 4], [400.2, 411.6, 4]]

video_validation_0000160
[[46.3, 67.3, 4], [94.9, 108.5, 4], [237.8, 255.2, 4], [301.2, 319.6, 4]]

video_validation_0000161
[[11.3, 14.1, 5], [11.3, 14.1, 8], [21.0, 23.9, 5], [21.0, 23.9, 8], [26.4, 29.4, 5], [26.4, 29.4, 8], [50.9, 55.4, 5], [50.9, 55.4, 8]]

video_validation_0000162
[[0.0, 2.8, 5], [0.0, 2.8, 8], [10.7, 11.9, 5], [10.7, 11.9, 8], [39.8, 43.1, 5], [39.8, 43.1, 8], [67.2, 70.0, 5], [67.2, 70.0, 8], [79.1, 82.3, 5], [79.1, 82.3, 8], [84.2, 87.6, 5], [84.2, 87.6, 8], [87.9, 90.7, 5], [87.9, 90.7, 8], [91.7, 94.6, 5], [91.7, 94.6, 8], [108.8, 112.8, 5], [108.8, 112.8, 8], [115.4, 118.2, 5], [115.4, 118.2, 8], [118.8, 122.0, 5], [118.8, 122.0, 8], [122.6, 125.4, 5], [122.6, 125.4, 8], [126.1, 132.3, 5], [126.1, 132.3, 8], [143.5, 146.7, 5], [143.5, 146.7, 8], [148.2, 151.3, 5], [148.2, 151.3, 8], [152.5, 155.1, 5], [152.5, 155.1, 8], [155.8, 158.5, 5], [155.8, 158.5, 8], [164.1, 167.1, 5], [164.1, 167.1, 8], [167.5, 169.9, 5], [167.5, 169.9, 8], [170.1, 173.1, 5], [170.1, 173.1, 8], [176.6, 179.6, 5], [176.6, 179.6, 8]]

video_validation_0000163
[[37.2, 41.2, 5], [37.2, 41.2, 8], [53.6, 57.6, 5], [53.6, 57.6, 8], [94.0, 98.1, 5], [94.0, 98.1, 8], [104.6, 107.3, 5], [104.6, 107.3, 8], [127.9, 131.5, 5], [127.9, 131.5, 8], [148.7, 157.0, 5], [148.7, 157.0, 8], [172.8, 177.0, 5], [172.8, 177.0, 8]]

video_validation_0000164
[[93.6, 95.7, 5], [93.6, 95.7, 8], [102.3, 105.8, 5], [102.3, 105.8, 8], [109.5, 111.8, 5], [109.5, 111.8, 8], [133.5, 136.4, 5], [133.5, 136.4, 8]]

video_validation_0000165
[[40.7, 45.9, 5], [40.7, 45.9, 8], [48.2, 51.1, 5], [48.2, 51.1, 8], [58.3, 61.5, 5], [58.3, 61.5, 8], [66.3, 69.3, 5], [66.3, 69.3, 8], [89.4, 95.5, 5], [89.4, 95.5, 8]]

video_validation_0000166
[[78.3, 82.8, 5], [78.3, 82.8, 8], [83.8, 85.7, 5], [83.8, 85.7, 8], [90.6, 96.3, 5], [90.6, 96.3, 8], [101.6, 105.0, 5], [101.6, 105.0, 8], [113.4, 116.8, 5], [113.4, 116.8, 8]]

video_validation_0000167
[[6.2, 14.6, 5], [6.2, 14.6, 8], [15.0, 21.6, 5], [15.0, 21.6, 8], [22.0, 27.2, 5], [22.0, 27.2, 8], [30.8, 39.5, 5], [30.8, 39.5, 8], [44.0, 50.2, 5], [44.0, 50.2, 8], [64.2, 73.4, 5], [64.2, 73.4, 8], [85.4, 87.7, 5], [85.4, 87.7, 8], [89.0, 90.9, 5], [89.0, 90.9, 8], [91.8, 94.2, 5], [91.8, 94.2, 8], [105.3, 108.6, 5], [105.3, 108.6, 8], [109.3, 111.4, 5], [109.3, 111.4, 8], [136.6, 141.9, 5], [136.6, 141.9, 8], [142.0, 148.0, 5], [142.0, 148.0, 8], [148.4, 150.5, 5], [148.4, 150.5, 8], [153.0, 155.4, 5], [153.0, 155.4, 8], [158.2, 160.4, 5], [158.2, 160.4, 8], [161.0, 163.2, 5], [161.0, 163.2, 8], [164.3, 166.2, 5], [164.3, 166.2, 8], [167.3, 169.2, 5], [167.3, 169.2, 8], [169.5, 171.8, 5], [169.5, 171.8, 8], [172.5, 178.8, 5], [172.5, 178.8, 8], [182.9, 186.0, 5], [182.9, 186.0, 8], [186.4, 189.1, 5], [186.4, 189.1, 8], [189.3, 191.4, 5], [189.3, 191.4, 8]]

video_validation_0000168
[[14.1, 17.6, 5], [14.1, 17.6, 8], [20.5, 23.7, 5], [20.5, 23.7, 8], [26.0, 28.1, 5], [26.0, 28.1, 8], [30.8, 33.9, 5], [30.8, 33.9, 8], [42.0, 44.3, 5], [42.0, 44.3, 8], [49.8, 52.9, 5], [49.8, 52.9, 8], [55.4, 58.0, 5], [55.4, 58.0, 8], [62.0, 65.4, 5], [62.0, 65.4, 8], [68.2, 70.4, 5], [68.2, 70.4, 8], [78.6, 82.0, 5], [78.6, 82.0, 8], [86.9, 90.3, 5], [86.9, 90.3, 8], [97.9, 101.4, 5], [97.9, 101.4, 8], [103.5, 106.0, 5], [103.5, 106.0, 8], [110.7, 113.0, 5], [110.7, 113.0, 8], [120.0, 129.7, 5], [120.0, 129.7, 8], [133.4, 136.0, 5], [133.4, 136.0, 8]]

video_validation_0000169
[[1.8, 5.3, 5], [1.8, 5.3, 8], [6.0, 7.1, 5], [6.0, 7.1, 8], [12.1, 14.0, 5], [12.1, 14.0, 8], [17.0, 18.2, 5], [17.0, 18.2, 8], [26.4, 27.9, 5], [26.4, 27.9, 8], [28.9, 30.6, 5], [28.9, 30.6, 8], [32.2, 33.5, 5], [32.2, 33.5, 8], [33.7, 35.5, 5], [33.7, 35.5, 8], [35.7, 37.6, 5], [35.7, 37.6, 8], [38.4, 40.0, 5], [38.4, 40.0, 8], [45.4, 46.2, 5], [45.4, 46.2, 8], [47.0, 50.0, 5], [47.0, 50.0, 8], [50.1, 51.3, 5], [50.1, 51.3, 8], [53.1, 60.0, 5], [53.1, 60.0, 8], [64.9, 66.7, 5], [64.9, 66.7, 8], [67.5, 69.0, 5], [67.5, 69.0, 8], [69.9, 70.8, 5], [69.9, 70.8, 8], [72.1, 73.9, 5], [72.1, 73.9, 8], [74.5, 75.6, 5], [74.5, 75.6, 8], [75.7, 76.9, 5], [75.7, 76.9, 8], [78.6, 80.0, 5], [78.6, 80.0, 8], [80.3, 81.5, 5], [80.3, 81.5, 8], [82.7, 86.1, 5], [82.7, 86.1, 8], [86.6, 88.0, 5], [86.6, 88.0, 8], [88.8, 90.2, 5], [88.8, 90.2, 8], [93.5, 95.7, 5], [93.5, 95.7, 8], [96.1, 97.2, 5], [96.1, 97.2, 8], [104.7, 105.8, 5], [104.7, 105.8, 8], [105.9, 107.6, 5], [105.9, 107.6, 8], [108.6, 110.5, 5], [108.6, 110.5, 8], [113.6, 115.3, 5], [113.6, 115.3, 8], [115.4, 117.3, 5], [115.4, 117.3, 8], [119.3, 121.4, 5], [119.3, 121.4, 8], [121.4, 122.6, 5], [121.4, 122.6, 8], [122.7, 124.3, 5], [122.7, 124.3, 8], [124.4, 126.1, 5], [124.4, 126.1, 8], [126.1, 126.9, 5], [126.1, 126.9, 8], [127.3, 128.5, 5], [127.3, 128.5, 8], [128.6, 129.8, 5], [128.6, 129.8, 8], [129.9, 131.3, 5], [129.9, 131.3, 8], [134.6, 136.5, 5], [134.6, 136.5, 8], [143.6, 144.1, 5], [143.6, 144.1, 8], [151.3, 152.8, 5], [151.3, 152.8, 8], [156.0, 157.7, 5], [156.0, 157.7, 8], [158.6, 159.3, 5], [158.6, 159.3, 8], [159.5, 160.3, 5], [159.5, 160.3, 8], [160.7, 160.9, 5], [160.7, 160.9, 8], [163.5, 165.4, 5], [163.5, 165.4, 8], [170.6, 172.3, 5], [170.6, 172.3, 8], [172.8, 174.7, 5], [172.8, 174.7, 8], [175.8, 177.2, 5], [175.8, 177.2, 8]]

video_validation_0000170
[[22.3, 25.4, 5], [22.3, 25.4, 8], [94.2, 99.1, 5], [94.2, 99.1, 8], [123.7, 127.6, 5], [123.7, 127.6, 8], [160.6, 168.8, 5], [160.6, 168.8, 8], [186.7, 190.4, 5], [186.7, 190.4, 8], [199.4, 204.5, 5], [199.4, 204.5, 8]]

video_validation_0000171
[[2.6, 3.6, 6], [3.4, 4.4, 7], [82.1, 83.9, 6], [83.6, 85.5, 7], [90.5, 91.6, 6], [91.7, 92.8, 7], [99.6, 101.3, 6], [102.1, 102.9, 7], [109.4, 111.2, 6], [111.4, 114.2, 7]]

video_validation_0000172
[[14.0, 16.4, 6], [32.4, 34.1, 6], [49.4, 51.8, 6], [65.9, 68.9, 6], [81.7, 84.0, 6], [97.3, 99.7, 6]]

video_validation_0000173
[[5.6, 8.3, 6], [14.2, 14.9, 6], [14.8, 16.4, 7], [20.4, 21.6, 6], [21.3, 22.0, 7], [27.5, 28.5, 6], [28.3, 29.0, 7], [31.0, 32.0, 6], [31.7, 32.8, 7], [42.9, 44.0, 6], [44.0, 44.8, 7], [61.8, 62.8, 6], [62.8, 64.0, 7], [66.4, 68.5, 6], [73.9, 75.0, 6], [74.9, 75.6, 7], [80.0, 86.0, 6], [90.8, 92.3, 6], [91.6, 92.3, 7], [98.6, 100.0, 6], [103.8, 105.1, 6], [111.7, 113.0, 6], [119.3, 120.3, 6], [119.7, 120.8, 7], [141.8, 145.7, 7], [146.1, 146.8, 6], [153.3, 155.0, 6], [154.0, 155.4, 7], [162.1, 163.4, 6], [162.7, 164.0, 7], [168.3, 170.0, 6], [168.7, 171.1, 7], [174.5, 175.3, 6], [174.8, 175.5, 7], [178.6, 179.8, 6], [183.1, 184.6, 6], [184.9, 187.7, 7], [191.3, 192.9, 7], [204.1, 207.9, 6]]

video_validation_0000174
[[7.5, 9.1, 6], [25.7, 28.2, 6], [42.3, 45.7, 6], [57.8, 60.5, 6], [118.7, 121.5, 6], [135.2, 137.3, 6]]

video_validation_0000175
[[67.4, 74.8, 6]]

video_validation_0000176
[[0.3, 1.1, 6], [1.1, 2.7, 7], [4.0, 4.7, 6], [4.7, 5.8, 7], [6.7, 7.5, 6], [7.5, 8.9, 7], [10.1, 11.1, 6], [11.2, 11.9, 7], [12.9, 13.8, 6], [13.8, 14.7, 7], [16.4, 17.0, 6], [17.0, 18.2, 7], [19.7, 20.4, 6], [20.4, 21.2, 7], [22.1, 23.3, 6], [22.9, 23.7, 7], [24.7, 25.7, 6], [25.4, 26.5, 7], [28.8, 29.8, 6], [29.7, 30.9, 7], [32.5, 33.5, 6], [33.3, 34.4, 7], [35.4, 36.6, 6], [36.5, 37.5, 7], [39.4, 40.4, 6], [40.2, 41.3, 7], [42.2, 43.4, 6], [43.2, 44.2, 7], [44.6, 45.7, 6], [45.5, 46.6, 7], [46.9, 47.5, 6], [47.2, 48.4, 7], [49.9, 51.0, 6], [50.7, 51.9, 7], [52.7, 53.4, 6], [53.2, 53.8, 7], [55.0, 56.3, 6], [56.2, 56.9, 7], [57.4, 58.7, 6], [58.1, 59.6, 7], [61.7, 63.0, 6], [62.7, 64.0, 7], [64.9, 65.3, 6], [64.9, 66.0, 7], [68.8, 69.3, 6], [69.1, 70.0, 7], [71.9, 72.9, 6], [72.4, 73.8, 7], [75.1, 76.1, 6], [75.9, 76.9, 7], [78.1, 79.0, 6], [78.7, 80.3, 7], [82.6, 83.6, 6], [83.2, 84.9, 7], [87.5, 88.4, 6], [88.0, 89.3, 7], [90.2, 90.7, 6], [90.3, 91.5, 7], [92.6, 94.1, 6], [93.5, 94.5, 7], [95.2, 96.1, 6], [95.6, 97.3, 7], [98.8, 100.0, 6], [99.3, 100.7, 7], [102.1, 103.3, 6], [102.5, 104.8, 7], [106.4, 107.0, 6], [106.8, 107.7, 7], [110.3, 111.5, 6], [111.1, 112.2, 7], [112.5, 113.2, 6], [113.0, 114.1, 7], [116.9, 118.3, 6], [117.6, 119.1, 7], [120.4, 121.3, 6], [120.9, 122.6, 7], [123.5, 124.2, 6], [123.9, 124.9, 7], [126.3, 127.0, 6], [126.7, 127.7, 7], [129.7, 130.7, 6], [130.4, 131.9, 7]]

video_validation_0000177
[[0.7, 11.9, 6], [66.2, 67.1, 6], [71.8, 72.5, 6], [74.5, 78.4, 6], [80.3, 84.7, 6], [85.3, 86.9, 6]]

video_validation_0000178
[[11.9, 15.0, 6], [14.3, 16.5, 7], [34.8, 48.0, 6], [62.7, 67.9, 6], [71.6, 80.3, 6], [82.8, 86.0, 6], [86.8, 91.0, 6], [96.0, 97.7, 6]]

video_validation_0000179
[[8.7, 11.1, 6], [38.6, 39.8, 6], [39.1, 40.7, 7], [62.3, 63.5, 6], [62.9, 63.9, 7], [73.2, 75.4, 6], [74.2, 76.4, 7], [88.8, 89.6, 6], [89.4, 90.0, 7], [91.4, 92.9, 6], [100.2, 101.6, 6], [101.6, 103.6, 7], [105.4, 107.2, 6], [116.2, 117.0, 6], [116.9, 117.6, 7], [119.9, 120.6, 6], [145.0, 145.7, 6], [145.4, 146.3, 7], [170.4, 171.4, 6], [170.7, 171.8, 7]]

video_validation_0000180
[[0.2, 1.5, 6], [1.9, 4.0, 6], [5.5, 6.1, 6], [8.4, 9.4, 6], [14.6, 15.6, 6], [15.2, 16.2, 7], [18.9, 19.8, 6], [19.6, 20.9, 7], [22.8, 23.5, 6], [23.3, 24.2, 7], [26.2, 27.2, 6], [27.0, 27.9, 7], [29.3, 30.3, 6], [30.6, 31.3, 6], [31.0, 32.4, 7], [34.8, 35.7, 6], [35.7, 36.5, 7], [39.0, 40.1, 6], [40.0, 41.3, 7], [47.9, 48.9, 6], [48.8, 49.8, 7], [52.9, 54.1, 6], [53.9, 55.2, 7], [57.0, 57.5, 6], [57.5, 58.2, 7], [63.2, 63.8, 6], [63.8, 64.7, 7], [68.2, 69.3, 7], [71.0, 72.0, 6], [72.0, 73.0, 7], [75.0, 75.6, 6], [75.7, 76.6, 7], [81.3, 82.2, 6], [81.9, 82.5, 7], [87.0, 87.7, 7], [93.5, 94.1, 6], [94.0, 94.9, 7], [98.4, 99.5, 6], [99.5, 100.3, 7], [102.2, 103.2, 7], [111.8, 112.6, 6], [115.8, 116.5, 6], [116.1, 117.2, 7], [125.9, 126.7, 6], [126.5, 127.4, 7], [131.6, 132.3, 6], [132.1, 132.8, 7], [139.2, 140.2, 6], [140.0, 141.2, 7], [148.0, 148.6, 6], [148.4, 149.4, 7], [151.2, 151.8, 6], [151.7, 152.4, 7], [153.2, 153.7, 6], [153.5, 154.3, 7], [154.7, 155.2, 6], [155.1, 155.9, 7], [159.8, 160.4, 6], [160.1, 160.9, 7], [163.8, 164.4, 6], [164.2, 165.1, 7], [168.2, 169.2, 6], [169.1, 169.9, 7], [173.1, 173.7, 6], [173.4, 174.0, 7], [179.1, 180.3, 6], [180.0, 181.1, 7], [182.3, 183.4, 6], [183.1, 183.9, 7], [200.4, 202.2, 6], [201.8, 202.6, 7], [205.5, 206.4, 6], [206.3, 207.1, 7], [214.8, 215.8, 6], [215.8, 216.9, 7]]

video_validation_0000181
[[2.3, 3.1, 6], [2.9, 3.8, 7], [53.3, 54.4, 6], [54.1, 55.8, 7], [86.8, 88.2, 6], [87.9, 89.1, 7], [117.8, 119.2, 6], [119.0, 119.9, 7], [135.1, 135.9, 6], [135.6, 137.0, 7]]

video_validation_0000182
[[7.6, 8.5, 7], [14.2, 15.6, 7], [27.9, 29.2, 7], [32.1, 34.2, 7], [45.3, 49.8, 7], [53.7, 55.2, 7], [56.8, 59.2, 7], [70.9, 85.7, 7], [89.7, 91.6, 7], [93.3, 95.5, 7]]

video_validation_0000183
[[23.2, 26.6, 7], [63.2, 66.3, 6], [67.7, 71.3, 7]]

video_validation_0000184
[[0.8, 1.8, 6], [1.6, 2.6, 7], [21.9, 24.2, 7], [28.4, 30.0, 7], [34.5, 35.9, 6], [35.2, 36.7, 7], [38.7, 40.0, 6], [39.7, 40.6, 7], [48.4, 49.9, 6], [49.5, 50.4, 7], [64.0, 65.3, 6], [66.4, 68.8, 7], [73.2, 75.8, 7], [84.2, 85.2, 6], [84.2, 85.8, 7], [116.1, 117.3, 6], [117.0, 117.8, 7], [131.9, 133.8, 7], [151.9, 155.7, 7], [156.7, 157.8, 6], [157.4, 158.2, 7], [161.5, 162.4, 6], [163.0, 164.4, 7]]

video_validation_0000185
[[51.9, 55.1, 7], [58.2, 60.1, 7]]

video_validation_0000186
[[16.1, 16.5, 7], [17.1, 17.7, 7], [21.2, 21.9, 7], [23.2, 24.1, 7], [31.8, 32.7, 7], [41.6, 42.0, 7], [46.5, 47.6, 7], [51.5, 52.2, 7], [58.6, 63.2, 7], [66.4, 67.6, 7], [68.7, 69.8, 7], [70.8, 71.9, 7], [73.4, 73.9, 7], [74.5, 75.3, 7], [76.7, 77.9, 7]]

video_validation_0000187
[[22.2, 23.3, 6], [22.6, 24.0, 7], [35.5, 36.3, 6], [38.0, 40.4, 7], [43.5, 44.9, 7], [45.9, 47.3, 7], [52.0, 53.7, 6], [53.8, 54.7, 7], [54.9, 57.0, 7]]

video_validation_0000188
[[16.0, 17.6, 6], [17.6, 18.4, 7], [36.2, 37.0, 7], [43.0, 44.7, 7], [47.0, 48.4, 6], [48.4, 49.1, 7], [68.0, 69.5, 7], [73.3, 76.2, 7], [84.9, 86.1, 6], [85.6, 86.4, 7], [103.7, 108.8, 7], [117.3, 119.7, 6], [118.7, 120.0, 7], [124.3, 126.3, 7], [140.3, 141.6, 6], [141.0, 142.3, 7], [160.3, 162.9, 6], [161.7, 163.2, 7]]

video_validation_0000189
[[6.3, 7.2, 6], [6.7, 8.1, 7], [26.5, 27.5, 6], [31.4, 35.1, 7], [37.0, 38.4, 6], [38.6, 39.9, 7], [58.3, 59.4, 6], [59.0, 60.1, 7], [76.3, 77.1, 6], [78.3, 80.8, 7], [85.2, 87.1, 6], [86.9, 90.5, 7], [102.3, 103.1, 6], [102.7, 103.7, 7]]

video_validation_0000190
[[5.9, 6.7, 6], [6.7, 7.3, 7]]

video_validation_0000201
[[38.2, 39.5, 8]]

video_validation_0000202
[[4.4, 6.2, 8], [27.8, 37.9, 8], [43.5, 46.1, 8], [48.9, 51.2, 8], [58.2, 62.6, 8], [68.3, 70.0, 8], [72.8, 74.8, 8], [79.1, 80.6, 8], [82.8, 86.6, 8], [98.9, 101.7, 8], [111.7, 113.8, 8], [119.6, 122.2, 8], [132.0, 135.1, 8], [140.5, 141.7, 8], [146.6, 148.7, 8], [151.3, 153.0, 8], [154.9, 156.6, 8], [164.3, 169.1, 8], [174.1, 176.0, 8], [178.5, 181.9, 8], [185.7, 188.3, 8]]

video_validation_0000203
[[6.8, 14.3, 8], [16.3, 21.5, 8], [40.0, 43.8, 8], [44.8, 48.1, 8], [74.2, 77.3, 8], [109.2, 110.9, 8], [121.8, 124.1, 8], [129.0, 130.6, 8], [134.7, 136.2, 8], [137.3, 139.6, 8], [148.1, 149.6, 8], [160.8, 167.9, 8]]

video_validation_0000204
[[10.1, 15.3, 8], [15.6, 17.7, 8], [19.3, 21.4, 8], [21.6, 23.4, 8], [25.4, 27.5, 8], [28.8, 30.6, 8], [31.0, 33.0, 8], [33.3, 36.1, 8], [36.8, 39.6, 8], [39.8, 42.7, 8], [42.8, 44.9, 8], [46.2, 50.6, 8], [50.7, 52.5, 8], [52.6, 54.5, 8], [54.6, 56.5, 8], [56.7, 58.6, 8], [58.8, 60.5, 8], [60.8, 62.3, 8], [62.5, 67.2, 8], [67.4, 69.5, 8], [70.6, 73.2, 8], [73.5, 75.2, 8], [75.3, 77.4, 8], [77.7, 83.6, 8], [83.8, 90.3, 8], [96.3, 97.8, 8], [98.2, 100.2, 8], [100.7, 102.7, 8], [103.4, 106.3, 8], [108.1, 115.0, 8], [115.6, 117.3, 8], [117.5, 119.5, 8], [120.6, 122.2, 8], [123.2, 124.9, 8], [128.2, 130.2, 8], [131.6, 134.0, 8], [136.8, 138.7, 8], [139.2, 140.9, 8], [141.4, 143.4, 8], [153.6, 155.8, 8], [156.1, 158.1, 8], [158.4, 160.7, 8], [161.2, 163.6, 8], [164.4, 166.8, 8], [167.4, 170.4, 8], [170.8, 174.5, 8], [175.4, 177.5, 8], [178.7, 181.0, 8], [181.4, 183.3, 8], [184.1, 187.0, 8], [191.6, 193.5, 8], [193.7, 195.4, 8], [195.6, 197.6, 8], [197.8, 202.9, 8], [203.2, 208.7, 8], [209.2, 214.4, 8], [214.6, 220.4, 8], [220.4, 223.2, 8], [224.2, 226.6, 8], [227.6, 229.4, 8], [231.4, 233.8, 8], [234.7, 236.5, 8], [238.7, 240.4, 8], [242.8, 244.7, 8], [250.2, 252.0, 8], [252.2, 254.6, 8], [255.5, 257.5, 8], [259.6, 261.7, 8], [263.7, 265.2, 8], [265.6, 269.1, 8], [269.6, 272.6, 8], [273.3, 276.3, 8], [276.5, 279.2, 8], [279.4, 281.2, 8], [281.9, 283.7, 8], [283.8, 285.6, 8], [286.0, 288.0, 8], [288.9, 290.8, 8]]

video_validation_0000205
[[0.0, 3.2, 8], [3.8, 4.3, 8], [5.0, 11.3, 8], [11.7, 17.7, 8], [18.8, 24.6, 8], [25.1, 31.6, 8], [32.0, 34.8, 8], [35.2, 38.0, 8], [39.1, 44.5, 8], [44.6, 50.0, 8], [50.4, 52.5, 8], [53.4, 55.5, 8], [56.6, 58.7, 8], [59.6, 61.6, 8], [63.2, 65.6, 8], [68.1, 70.5, 8], [72.6, 74.5, 8], [76.0, 78.8, 8], [79.9, 82.8, 8], [83.8, 87.0, 8], [87.9, 91.4, 8], [93.8, 95.6, 8], [97.4, 100.0, 8], [101.4, 103.6, 8], [105.0, 107.6, 8], [109.7, 111.6, 8], [112.2, 114.2, 8], [115.4, 117.4, 8], [119.2, 121.2, 8], [122.5, 124.8, 8], [126.2, 138.6, 8], [140.0, 142.3, 8], [143.1, 145.3, 8], [146.4, 149.2, 8], [149.8, 152.2, 8], [153.0, 155.8, 8], [157.1, 159.6, 8], [160.5, 162.8, 8], [163.5, 165.7, 8], [166.6, 169.9, 8], [171.7, 174.3, 8], [174.8, 177.5, 8], [178.2, 180.6, 8], [182.2, 184.6, 8], [185.4, 187.3, 8], [188.4, 189.8, 8], [191.5, 193.7, 8], [195.1, 197.2, 8], [197.6, 199.7, 8], [200.9, 202.8, 8], [203.7, 205.5, 8], [207.2, 210.0, 8], [210.8, 213.5, 8], [213.9, 216.8, 8], [218.3, 220.9, 8], [221.6, 224.7, 8], [226.9, 228.9, 8], [229.4, 231.4, 8], [232.6, 234.3, 8], [235.0, 237.4, 8], [238.3, 240.7, 8], [242.2, 244.7, 8], [246.8, 249.2, 8], [249.5, 251.6, 8], [252.2, 254.6, 8], [255.0, 256.8, 8], [257.8, 260.0, 8], [260.7, 262.4, 8], [263.4, 265.6, 8], [266.6, 268.2, 8], [268.7, 271.5, 8], [272.0, 274.5, 8], [275.6, 278.0, 8], [278.4, 280.7, 8], [281.5, 284.2, 8], [285.2, 288.1, 8], [288.5, 291.7, 8], [292.8, 295.3, 8], [296.2, 298.4, 8], [298.9, 301.5, 8], [301.7, 304.2, 8], [304.9, 306.5, 8], [307.2, 309.4, 8], [309.9, 312.3, 8], [313.0, 315.8, 8], [317.0, 318.9, 8], [319.6, 323.1, 8], [323.9, 326.2, 8], [326.7, 329.0, 8], [330.3, 333.2, 8], [333.9, 335.6, 8], [335.9, 338.5, 8], [338.9, 341.8, 8], [342.8, 346.0, 8], [346.4, 348.9, 8], [349.4, 352.1, 8], [353.3, 355.8, 8], [356.5, 359.6, 8], [360.5, 363.4, 8], [363.8, 367.1, 8], [367.3, 369.4, 8], [370.3, 372.0, 8], [372.7, 375.7, 8], [377.7, 379.8, 8], [380.2, 383.8, 8], [384.6, 387.9, 8], [399.7, 402.3, 8], [407.7, 410.6, 8], [411.7, 414.1, 8], [415.1, 417.8, 8], [418.7, 421.2, 8], [422.5, 425.6, 8], [426.5, 430.2, 8], [431.4, 433.9, 8], [434.7, 436.8, 8], [437.6, 439.6, 8], [441.9, 446.0, 8], [449.2, 451.4, 8], [455.0, 457.5, 8], [460.2, 462.4, 8], [465.5, 467.5, 8], [468.9, 471.1, 8], [472.2, 474.5, 8], [475.6, 478.8, 8], [479.1, 481.3, 8], [482.1, 484.4, 8], [485.5, 488.3, 8], [514.6, 532.0, 8]]

video_validation_0000206
[[0.0, 1.2, 8], [1.2, 2.2, 8], [2.3, 3.2, 8], [3.3, 4.1, 8], [4.2, 5.0, 8], [5.1, 5.9, 8], [6.0, 6.9, 8], [7.0, 8.2, 8], [8.3, 9.5, 8], [9.5, 10.7, 8], [25.9, 26.7, 8], [28.5, 30.7, 8], [32.2, 33.9, 8], [34.1, 36.3, 8], [38.1, 39.1, 8], [40.9, 43.2, 8], [49.5, 51.3, 8], [52.3, 53.8, 8], [55.7, 57.4, 8], [59.5, 60.5, 8], [62.1, 65.2, 8], [67.3, 68.6, 8], [70.1, 71.8, 8], [72.8, 73.8, 8], [75.9, 76.6, 8], [78.3, 79.7, 8], [81.9, 83.7, 8], [85.2, 86.7, 8], [87.4, 90.7, 8], [92.7, 94.0, 8], [96.0, 98.1, 8], [100.1, 101.2, 8], [101.4, 102.4, 8], [102.6, 103.6, 8], [106.1, 108.5, 8], [110.9, 112.0, 8], [113.1, 115.6, 8], [122.0, 123.5, 8], [125.5, 126.8, 8], [127.5, 130.0, 8], [131.7, 132.8, 8], [134.3, 136.7, 8], [138.0, 139.9, 8], [141.4, 143.2, 8], [144.5, 147.1, 8], [148.9, 151.0, 8], [153.3, 156.4, 8], [158.6, 160.0, 8], [163.3, 165.4, 8], [167.9, 169.9, 8]]

video_validation_0000207
[[15.4, 22.4, 8], [40.4, 45.4, 8], [74.2, 78.0, 8], [78.7, 80.6, 8], [82.1, 85.2, 8], [112.9, 116.1, 8], [126.4, 133.0, 8], [147.6, 151.9, 8]]

video_validation_0000208
[[26.8, 29.7, 8], [33.6, 36.5, 8], [36.7, 39.1, 8], [39.5, 41.0, 8], [42.0, 44.8, 8], [46.0, 51.8, 8], [52.2, 55.1, 8], [57.0, 59.7, 8], [62.3, 65.7, 8], [66.5, 71.3, 8], [72.7, 77.3, 8], [79.4, 82.2, 8], [82.7, 86.4, 8], [88.0, 91.8, 8], [92.9, 95.8, 8], [97.6, 101.0, 8], [102.6, 106.6, 8], [107.6, 109.4, 8], [113.0, 114.3, 8], [114.4, 118.7, 8], [119.4, 123.1, 8], [123.9, 128.4, 8]]

video_validation_0000209
[[6.5, 9.6, 8], [17.2, 21.3, 8], [24.4, 28.5, 8], [30.5, 38.4, 8], [74.5, 79.8, 8], [86.7, 90.9, 8], [92.0, 96.2, 8], [97.8, 106.3, 8], [144.0, 149.8, 8], [156.4, 160.7, 8], [162.2, 167.2, 8], [168.4, 178.8, 8], [213.5, 220.9, 8], [228.5, 233.2, 8], [235.7, 241.1, 8], [242.8, 251.9, 8], [299.1, 303.8, 8], [332.9, 339.2, 8], [359.7, 362.8, 8], [368.1, 373.2, 8], [374.7, 380.1, 8], [382.0, 393.1, 8], [430.7, 433.7, 8], [457.5, 460.5, 8], [466.0, 471.9, 8], [473.2, 480.3, 8], [481.0, 493.4, 8], [528.8, 534.2, 8], [535.7, 540.3, 8], [542.5, 553.6, 8]]

video_validation_0000210
[[22.4, 28.0, 8], [28.5, 34.7, 8], [46.8, 50.8, 8], [62.7, 66.7, 8], [78.7, 81.5, 8], [86.3, 90.2, 8]]

video_validation_0000261
[[1.1, 7.4, 9], [11.5, 18.7, 9]]

video_validation_0000262
[[0.7, 4.1, 9], [5.7, 13.6, 9], [16.1, 19.0, 9], [21.5, 23.9, 9], [23.9, 25.6, 9], [27.2, 30.7, 9]]

video_validation_0000263
[[0.2, 1.1, 9], [2.2, 3.1, 9], [7.6, 10.2, 9], [11.0, 18.6, 9], [19.2, 24.1, 9], [27.5, 30.0, 9], [37.4, 43.3, 9]]

video_validation_0000264
[[59.4, 60.7, 9], [60.7, 61.7, 9], [61.8, 63.2, 9], [62.8, 64.5, 9], [67.0, 68.2, 9], [68.3, 69.2, 9], [68.7, 70.0, 9], [69.4, 70.7, 9], [74.4, 75.7, 9], [88.0, 91.5, 9], [179.1, 183.0, 9], [210.9, 213.4, 9], [213.4, 215.8, 9]]

video_validation_0000265
[[5.4, 7.8, 9], [8.3, 9.8, 9], [10.6, 12.6, 9], [13.9, 16.5, 9], [16.6, 18.5, 9], [19.2, 20.8, 9], [21.1, 22.7, 9], [23.0, 24.1, 9], [24.3, 26.8, 9], [27.3, 28.9, 9], [29.2, 31.2, 9], [31.6, 33.4, 9], [34.1, 36.0, 9], [36.2, 50.8, 9]]

video_validation_0000266
[[9.6, 12.2, 9], [12.4, 21.8, 9], [22.0, 29.2, 9], [40.7, 43.3, 9], [54.2, 57.5, 9], [58.8, 62.3, 9], [63.2, 66.7, 9], [67.8, 70.3, 9], [72.8, 76.4, 1], [90.5, 92.0, 9], [92.7, 94.3, 9], [127.2, 129.8, 9], [129.9, 135.5, 9], [137.9, 148.2, 9]]

video_validation_0000267
[[92.2, 93.8, 9], [93.8, 95.8, 9], [95.8, 97.1, 9], [97.1, 99.0, 9], [99.0, 100.4, 9], [100.6, 102.3, 9], [102.3, 103.7, 9], [103.7, 105.2, 9], [105.2, 106.4, 9], [106.4, 107.8, 9], [108.4, 109.1, 9], [109.1, 112.0, 9], [112.2, 114.7, 9], [114.9, 117.2, 9], [126.1, 127.6, 9], [128.2, 128.9, 9], [154.3, 156.3, 9], [186.0, 187.5, 9], [188.5, 191.3, 9], [194.0, 195.7, 9], [198.3, 199.6, 9], [200.5, 201.9, 9], [204.6, 206.0, 9], [211.0, 214.4, 9], [216.8, 217.9, 9], [225.2, 229.6, 9], [236.6, 241.4, 9], [258.5, 259.8, 9], [278.6, 279.4, 9], [284.6, 286.7, 9], [289.3, 290.6, 9], [337.7, 339.2, 9], [339.3, 340.2, 9], [343.4, 343.9, 9], [348.9, 350.1, 9], [352.5, 354.3, 9], [356.9, 357.9, 9], [358.3, 359.1, 9], [359.6, 360.5, 9], [361.1, 362.3, 9], [362.7, 363.7, 9]]

video_validation_0000268
[[238.5, 249.6, 9]]

video_validation_0000269
[[2.3, 12.3, 9], [14.9, 16.1, 9], [18.0, 19.1, 9]]

video_validation_0000270
[[26.5, 29.4, 9], [30.1, 36.4, 9], [48.0, 57.7, 9]]

video_validation_0000281
[[169.7, 175.3, 10], [221.6, 225.3, 10]]

video_validation_0000282
[[7.7, 15.5, 10], [29.3, 32.4, 10], [32.8, 35.8, 10]]

video_validation_0000283
[[0.0, 2.3, 10], [11.1, 61.3, 10]]

video_validation_0000284
[[13.0, 19.2, 10], [22.4, 42.7, 10], [43.9, 47.0, 10], [47.6, 50.8, 10]]

video_validation_0000285
[[74.2, 81.8, 10]]

video_validation_0000286
[[172.4, 178.6, 10]]

video_validation_0000287
[[29.2, 33.5, 10], [39.9, 44.9, 10], [57.9, 63.8, 10], [77.3, 88.7, 10]]

video_validation_0000288
[[79.5, 84.0, 10], [105.8, 109.2, 10]]

video_validation_0000289
[[3.0, 25.9, 10], [32.8, 123.3, 10]]

video_validation_0000290
[[2.6, 5.8, 10], [10.3, 43.4, 10], [45.5, 53.9, 10], [55.5, 60.3, 10], [63.0, 65.6, 10]]

video_validation_0000311
[[0.0, 1.5, 11], [13.9, 21.5, 11], [55.4, 63.6, 11], [75.3, 81.4, 11], [94.9, 101.4, 11], [115.2, 125.0, 11], [139.3, 149.8, 11], [179.1, 186.1, 11], [198.4, 206.6, 11], [207.2, 213.5, 11], [244.0, 253.1, 11], [266.2, 273.6, 11], [309.4, 320.2, 11], [334.8, 344.4, 11], [345.2, 351.8, 11], [357.1, 364.7, 11], [377.7, 385.8, 11], [386.2, 393.0, 11], [419.6, 429.7, 11], [446.6, 456.4, 11], [456.8, 466.5, 11], [509.8, 521.0, 11], [533.0, 540.9, 11], [564.8, 573.9, 11], [587.0, 594.7, 11], [605.8, 611.1, 11], [635.4, 644.8, 11], [661.0, 668.5, 11], [677.3, 685.2, 11]]

video_validation_0000312
[[2.2, 10.5, 11], [19.6, 27.2, 11], [48.8, 55.3, 11]]

video_validation_0000313
[[10.2, 20.7, 11], [25.0, 29.0, 11], [36.4, 45.4, 11], [52.0, 62.2, 11], [74.0, 81.9, 11]]

video_validation_0000314
[[0.0, 9.1, 11], [11.2, 20.4, 11], [21.2, 30.1, 11], [31.6, 38.2, 11], [40.0, 49.1, 11], [49.7, 58.7, 11], [62.7, 70.6, 11], [74.0, 82.1, 11], [84.3, 92.2, 11], [93.0, 100.0, 11], [101.4, 110.4, 11], [112.4, 119.3, 11], [120.5, 130.2, 11], [133.2, 140.3, 11], [141.2, 148.7, 11], [149.6, 157.3, 11], [161.0, 169.0, 11], [173.5, 182.5, 11], [183.1, 190.2, 11], [191.5, 199.0, 11], [200.0, 210.0, 11], [215.0, 222.0, 11], [222.9, 228.8, 11], [229.9, 235.9, 11], [240.0, 248.6, 11], [249.6, 254.8, 11], [256.3, 263.1, 11], [264.1, 271.4, 11], [274.5, 282.7, 11], [287.6, 295.3, 11], [295.7, 303.0, 11], [304.1, 315.1, 11], [316.4, 326.9, 11], [329.8, 338.2, 11], [340.2, 344.8, 11], [345.9, 354.3, 11], [354.5, 362.6, 11], [364.4, 371.5, 11], [373.7, 381.1, 11], [386.5, 393.3, 11], [393.8, 402.7, 11], [404.4, 411.5, 11], [413.3, 420.7, 11], [421.5, 428.1, 11], [430.3, 436.9, 11], [437.3, 444.0, 11], [446.9, 452.6, 11], [454.9, 462.9, 11], [464.8, 470.6, 11], [472.3, 479.0, 11], [482.1, 489.8, 11], [490.9, 497.7, 11], [503.2, 510.3, 11], [511.0, 520.2, 11], [522.9, 528.2, 11], [531.3, 538.0, 11], [538.2, 547.4, 11], [549.3, 555.3, 11], [557.3, 563.9, 11], [564.4, 571.5, 11], [572.2, 582.3, 11], [582.8, 591.5, 11], [594.1, 600.9, 11], [602.3, 609.4, 11], [611.3, 619.2, 11], [621.2, 626.1, 11], [626.8, 633.7, 11], [635.1, 641.0, 11], [642.8, 648.3, 11], [651.3, 658.5, 11], [661.1, 669.0, 11], [673.3, 681.4, 11], [684.4, 689.5, 11], [689.9, 699.1, 11], [701.0, 706.8, 11], [707.6, 713.7, 11], [714.9, 722.4, 11], [727.2, 734.0, 11], [734.7, 741.8, 11], [742.8, 750.6, 11], [758.2, 764.9, 11], [765.8, 770.3, 11], [770.6, 777.4, 11], [780.9, 788.5, 11], [791.1, 797.5, 11], [800.5, 807.3, 11], [811.9, 819.3, 11], [822.5, 829.3, 11], [832.4, 838.8, 11], [844.2, 849.1, 11], [850.1, 857.8, 11], [858.9, 865.9, 11], [869.9, 876.1, 11], [880.0, 886.8, 11], [888.4, 896.3, 11]]

video_validation_0000315
[[4.8, 15.1, 11], [24.2, 31.2, 11], [41.1, 50.8, 11], [59.2, 67.4, 11], [75.0, 84.2, 11], [94.5, 100.6, 11], [120.1, 127.8, 11]]

video_validation_0000316
[[166.7, 175.3, 11], [175.9, 179.7, 11], [180.7, 189.6, 11], [190.1, 193.2, 11], [194.3, 197.0, 11], [198.1, 201.3, 11]]

video_validation_0000317
[[5.5, 16.1, 11], [53.6, 57.0, 11], [60.6, 68.9, 11], [100.2, 102.9, 11], [105.2, 112.5, 11], [137.1, 141.3, 11], [151.1, 159.5, 11], [197.5, 202.1, 11]]

video_validation_0000318
[[23.0, 28.3, 11], [28.9, 34.3, 11], [39.7, 45.4, 11], [46.3, 52.0, 11], [52.2, 57.8, 11], [58.6, 63.5, 11], [63.8, 68.8, 11], [69.9, 74.4, 11], [74.8, 79.0, 11], [79.5, 84.7, 11], [89.1, 97.0, 11], [97.3, 104.0, 11], [104.7, 108.6, 11], [109.1, 115.0, 11], [116.9, 121.7, 11], [122.1, 125.8, 11], [131.3, 141.0, 11], [142.1, 155.4, 11], [159.8, 164.9, 11], [165.8, 171.3, 11], [171.6, 174.5, 11], [175.4, 180.5, 11], [180.9, 186.7, 11]]

video_validation_0000319
[[4.2, 8.9, 11], [17.8, 24.4, 11], [44.2, 49.7, 11], [63.1, 68.7, 11], [93.5, 97.7, 11], [116.1, 121.3, 11], [169.3, 174.6, 11], [187.0, 197.1, 11], [228.2, 231.9, 11], [251.8, 256.5, 11]]

video_validation_0000320
[[30.9, 36.7, 11], [48.7, 54.0, 11], [104.4, 112.6, 11], [129.6, 145.9, 11], [162.7, 170.5, 11], [217.1, 221.7, 11], [233.4, 236.5, 11], [271.0, 277.6, 11], [291.6, 298.4, 11], [367.7, 374.0, 11], [391.3, 399.7, 11], [472.9, 479.6, 11], [491.8, 500.4, 11]]

video_validation_0000361
[[74.6, 78.6, 12], [101.9, 106.8, 12], [112.5, 116.5, 12], [117.4, 122.5, 12], [127.0, 132.7, 12], [152.2, 154.1, 12], [157.3, 160.8, 12], [160.9, 163.9, 12], [172.1, 183.7, 12], [188.8, 192.7, 12], [194.9, 199.9, 12], [204.0, 208.0, 12], [214.1, 218.6, 12], [227.4, 232.1, 12], [235.7, 239.3, 12], [244.9, 249.9, 12], [250.3, 252.7, 12], [257.7, 261.5, 12], [265.3, 270.8, 12], [272.4, 279.4, 12], [280.5, 285.9, 12], [286.5, 290.5, 12], [293.1, 303.1, 12], [303.7, 308.8, 12], [318.4, 322.1, 12], [325.1, 329.6, 12], [330.8, 334.4, 12], [336.3, 340.0, 12], [342.2, 344.2, 12], [346.8, 351.1, 12], [360.0, 364.5, 12], [373.1, 387.1, 12], [394.5, 400.5, 12], [400.8, 403.2, 12], [410.6, 414.2, 12], [414.6, 419.1, 12], [419.5, 422.7, 12], [429.9, 436.7, 12], [442.3, 447.5, 12], [448.3, 449.4, 12], [458.4, 461.4, 12], [465.3, 472.3, 12], [473.8, 476.7, 12], [483.4, 487.8, 12], [505.5, 510.1, 12], [512.4, 516.1, 12], [520.9, 524.5, 12], [531.0, 536.0, 12], [577.4, 579.5, 12], [579.7, 581.6, 12], [583.8, 584.9, 12], [589.2, 591.9, 12], [592.7, 597.2, 12], [597.6, 605.0, 12], [630.0, 635.7, 12], [642.9, 644.7, 12], [646.0, 648.3, 12], [667.9, 671.7, 12], [672.2, 676.9, 12]]

video_validation_0000362
[[20.0, 22.6, 12], [22.8, 23.5, 12], [23.6, 25.2, 12], [25.2, 26.5, 12], [27.1, 28.1, 12], [29.5, 30.4, 12], [30.8, 32.2, 12], [32.8, 35.0, 12], [36.2, 37.6, 12], [38.6, 41.0, 12], [44.8, 45.8, 12], [52.7, 54.1, 12], [54.9, 56.2, 12], [56.6, 58.0, 12], [58.2, 59.3, 12], [60.2, 64.6, 12], [71.7, 73.4, 12], [76.4, 77.4, 12], [92.0, 95.7, 12], [96.0, 98.7, 12], [100.2, 103.6, 12], [103.8, 108.0, 12], [119.4, 124.5, 12], [126.4, 131.6, 12], [134.4, 139.3, 12], [141.3, 147.4, 12], [147.6, 151.3, 12], [151.5, 158.0, 12], [166.9, 172.1, 12], [181.8, 185.4, 12], [188.8, 196.8, 12], [202.3, 207.6, 12], [214.3, 217.8, 12], [253.0, 258.8, 12], [268.2, 272.0, 12], [301.2, 311.9, 12], [312.4, 318.0, 12], [318.2, 320.1, 12], [320.4, 322.2, 12], [322.4, 324.0, 12], [332.4, 333.8, 12], [333.8, 339.0, 12], [346.4, 349.6, 12], [349.6, 352.8, 12], [352.8, 355.4, 12], [355.6, 358.7, 12], [380.4, 383.5, 12], [391.9, 394.5, 12], [408.1, 417.0, 12], [429.4, 433.1, 12], [440.5, 443.7, 12], [458.8, 476.4, 12], [483.8, 490.0, 12], [493.0, 496.2, 12]]

video_validation_0000363
[[21.9, 27.5, 12], [28.2, 33.2, 12], [46.3, 51.6, 12], [52.3, 56.7, 12], [58.2, 62.1, 12], [62.6, 68.2, 12], [79.4, 85.3, 12], [101.3, 106.6, 12], [114.3, 118.3, 12], [118.8, 123.6, 12], [131.8, 136.9, 12], [137.9, 140.0, 12], [147.2, 153.1, 12], [156.1, 158.8, 12], [178.6, 186.9, 12], [201.1, 206.4, 12], [206.7, 209.8, 12], [213.8, 219.2, 12], [235.3, 241.0, 12], [253.4, 256.5, 12], [274.5, 279.4, 12], [280.3, 286.0, 12], [289.9, 293.9, 12], [294.7, 300.2, 12], [301.4, 304.4, 12], [311.4, 316.9, 12], [323.7, 328.2, 12], [331.4, 336.5, 12], [337.7, 340.3, 12], [364.8, 369.6, 12], [369.9, 372.1, 12], [372.6, 377.9, 12], [390.4, 398.8, 12], [400.2, 405.1, 12], [406.1, 409.3, 12], [426.7, 431.0, 12], [436.8, 442.3, 12], [442.6, 444.9, 12], [455.8, 457.9, 12], [458.5, 461.8, 12], [462.8, 466.5, 12], [466.9, 471.7, 12], [473.4, 478.5, 12], [479.2, 484.7, 12], [486.5, 488.9, 12], [493.3, 496.2, 12], [508.6, 514.5, 12], [520.0, 521.7, 12], [523.1, 527.6, 12], [529.3, 532.5, 12], [533.9, 538.2, 12], [546.7, 551.1, 12], [552.1, 556.5, 12], [562.1, 565.8, 12], [566.5, 570.6, 12], [571.6, 574.3, 12], [575.5, 580.3, 12], [580.6, 583.2, 12], [583.4, 587.0, 12], [588.0, 592.4, 12], [592.8, 594.9, 12], [598.4, 603.9, 12], [605.0, 608.8, 12], [610.6, 614.5, 12], [619.5, 624.7, 12], [625.5, 629.4, 12], [629.8, 632.6, 12], [633.3, 636.3, 12], [654.9, 659.3, 12], [709.2, 714.9, 12], [717.3, 720.8, 12], [731.8, 736.1, 12]]

video_validation_0000364
[[23.0, 32.4, 12], [53.6, 64.3, 12], [74.6, 80.0, 12], [86.5, 91.5, 12], [95.2, 98.6, 12], [98.6, 106.7, 12], [113.6, 117.3, 12], [120.5, 127.0, 12]]

video_validation_0000365
[[18.1, 24.3, 12], [29.6, 33.3, 12], [69.7, 77.3, 12], [80.8, 84.3, 12], [110.4, 116.2, 12], [145.3, 151.2, 12], [192.9, 198.5, 12], [213.0, 219.9, 12]]

video_validation_0000366
[[0.4, 2.8, 12], [4.9, 14.4, 12]]

video_validation_0000367
[[85.2, 90.9, 12], [92.8, 97.6, 12], [98.3, 102.4, 12], [104.7, 112.3, 12], [116.2, 123.6, 12]]

video_validation_0000368
[[40.0, 42.4, 12], [43.4, 47.8, 12], [51.3, 58.9, 12], [61.3, 73.6, 12], [202.7, 210.2, 12], [251.9, 262.5, 12], [268.2, 279.1, 12]]

video_validation_0000369
[[160.9, 168.0, 12], [171.8, 178.2, 12], [218.2, 225.6, 12], [230.0, 236.0, 12], [258.0, 262.4, 12], [267.3, 269.9, 12], [288.9, 292.5, 12], [299.1, 304.6, 12], [305.2, 307.6, 12], [335.1, 342.3, 12], [349.1, 355.2, 12], [393.6, 396.9, 12], [402.0, 407.8, 12], [420.7, 425.5, 12], [430.2, 433.5, 12], [434.7, 437.4, 12], [457.9, 462.7, 12], [470.6, 474.5, 12], [506.3, 511.2, 12], [518.8, 522.2, 12], [553.4, 557.3, 12], [566.1, 571.4, 12], [606.7, 612.0, 12], [624.3, 628.4, 12], [668.0, 673.9, 12], [679.0, 681.6, 12], [741.1, 745.6, 12], [752.9, 756.6, 12], [756.9, 759.6, 12]]

video_validation_0000370
[[86.4, 92.5, 12], [95.5, 98.8, 12], [131.5, 139.0, 12], [143.5, 146.1, 12], [146.4, 149.1, 12], [173.5, 178.6, 12], [184.9, 188.5, 12], [190.2, 194.1, 12], [239.1, 243.6, 12], [250.1, 253.1, 12], [254.6, 258.1, 12], [287.5, 293.4, 12], [297.2, 301.7, 12], [303.5, 307.3, 12], [330.0, 334.5, 12], [351.9, 355.3, 12], [356.6, 361.8, 12], [397.0, 401.8, 12], [409.1, 413.2, 12], [445.8, 451.8, 12], [463.4, 467.0, 12], [467.9, 470.9, 12], [477.4, 482.3, 12], [547.7, 552.1, 12], [562.8, 566.6, 12], [566.9, 569.7, 12], [611.1, 615.3, 12]]

video_validation_0000411
[[208.3, 214.5, 13], [230.4, 234.1, 13], [254.3, 264.3, 13], [305.7, 314.0, 13], [325.3, 335.9, 13], [362.2, 370.1, 13], [381.8, 385.5, 13], [438.0, 446.7, 13], [463.7, 469.4, 13], [519.0, 527.4, 13], [537.1, 543.0, 13], [567.8, 571.2, 13], [584.3, 590.1, 13], [653.9, 660.2, 13], [692.5, 698.9, 13], [717.9, 720.8, 13], [764.5, 768.6, 13], [782.8, 790.0, 13]]

video_validation_0000412
[[0.7, 6.3, 13], [18.2, 22.7, 13], [43.4, 50.6, 13], [70.2, 74.2, 13], [95.0, 104.2, 13], [116.4, 126.0, 13], [144.1, 152.6, 13], [175.2, 183.0, 13], [209.3, 215.2, 13], [230.1, 235.6, 13], [247.7, 252.8, 13], [266.4, 273.6, 13], [302.4, 309.5, 13], [325.4, 336.3, 13]]

video_validation_0000413
[[51.1, 57.0, 13], [70.0, 75.4, 13], [92.3, 99.8, 13], [108.1, 114.7, 13], [193.6, 203.4, 13], [239.4, 248.7, 13], [262.4, 267.5, 13], [291.7, 299.6, 13], [311.0, 317.4, 13], [355.6, 365.0, 13], [409.0, 416.4, 13], [425.6, 430.7, 13], [471.4, 478.7, 13], [490.9, 498.7, 13], [534.0, 542.1, 13], [551.1, 558.7, 13], [584.4, 590.1, 13], [604.9, 609.4, 13], [640.3, 647.4, 13], [659.7, 666.2, 13]]

video_validation_0000414
[[11.5, 18.8, 13], [19.2, 26.2, 13], [26.4, 35.6, 13], [36.2, 45.6, 13], [45.9, 50.6, 13], [51.0, 58.4, 13], [58.8, 61.9, 13], [83.4, 89.0, 13], [89.4, 94.2, 13], [130.7, 136.0, 13], [136.4, 143.6, 13], [147.3, 154.3, 13], [202.6, 211.8, 13], [216.1, 221.3, 13], [221.8, 233.1, 13], [252.4, 256.8, 13], [259.7, 264.1, 13], [276.8, 281.5, 13], [286.8, 295.0, 13]]

video_validation_0000415
[[19.3, 24.1, 13], [39.2, 43.8, 13], [45.4, 48.7, 13], [73.6, 82.3, 13], [87.5, 90.9, 13], [107.3, 113.8, 13], [118.2, 122.5, 13], [157.9, 165.4, 13], [190.0, 193.2, 13], [226.3, 228.5, 13], [231.3, 235.1, 13], [240.0, 243.6, 13]]

video_validation_0000416
[[2.2, 10.1, 13], [19.9, 24.5, 13], [55.1, 63.0, 13], [76.1, 82.5, 13], [122.5, 130.8, 13], [147.6, 154.8, 13], [200.6, 207.6, 13], [267.6, 272.7, 13], [281.7, 291.2, 13], [350.3, 357.5, 13], [465.7, 474.4, 13]]

video_validation_0000417
[[27.4, 34.2, 13], [50.0, 53.8, 13], [61.4, 67.9, 13], [76.4, 81.6, 13], [87.4, 92.1, 13], [93.8, 98.6, 13], [107.8, 114.9, 13], [120.2, 126.5, 13], [136.9, 141.4, 13], [151.7, 158.5, 13], [163.5, 169.4, 13], [176.3, 180.7, 13], [184.0, 189.9, 13], [198.0, 205.0, 13], [213.5, 219.4, 13], [228.4, 233.8, 13], [234.1, 241.3, 13], [244.3, 250.4, 13], [256.6, 264.3, 13], [266.3, 271.7, 13], [280.0, 286.8, 13], [297.5, 303.7, 13], [311.5, 317.5, 13], [323.7, 327.8, 13], [332.0, 334.2, 13], [346.0, 351.2, 13]]

video_validation_0000418
[[0.0, 5.8, 13], [11.7, 18.2, 13], [25.7, 29.1, 13], [31.4, 36.3, 13], [41.1, 46.5, 13], [50.8, 56.2, 13], [63.5, 69.9, 13], [73.9, 79.7, 13], [81.8, 87.6, 13], [94.8, 99.3, 13], [104.6, 111.0, 13], [115.0, 117.9, 13], [123.0, 128.3, 13], [140.3, 147.0, 13], [151.8, 157.6, 13], [162.4, 167.3, 13], [173.3, 178.4, 13], [183.0, 188.5, 13], [192.6, 198.4, 13], [202.2, 206.8, 13], [213.2, 217.8, 13], [221.0, 224.7, 13], [232.3, 237.3, 13], [241.9, 246.0, 13]]

video_validation_0000419
[[11.6, 18.7, 13], [27.8, 31.6, 13], [78.6, 86.6, 13], [95.2, 104.3, 13], [148.0, 155.2, 13], [163.0, 166.4, 13], [206.0, 213.2, 13], [220.2, 224.6, 13], [253.1, 261.7, 13], [308.0, 313.4, 13], [328.6, 332.2, 13], [430.2, 440.2, 13], [455.8, 461.7, 13], [513.8, 521.4, 13], [527.8, 535.4, 13], [567.6, 572.2, 13], [580.0, 588.7, 13], [609.4, 615.1, 13], [625.3, 631.3, 13], [706.6, 713.4, 13], [724.2, 728.5, 13], [805.2, 813.0, 13], [858.1, 865.0, 13]]

video_validation_0000420
[[16.6, 22.9, 13], [33.0, 38.2, 13], [66.4, 74.6, 13], [89.2, 96.4, 13], [120.5, 126.1, 13], [138.4, 143.2, 13], [187.7, 196.0, 13], [204.5, 210.2, 13], [245.0, 255.8, 13], [268.6, 274.1, 13], [392.5, 398.8, 13], [409.5, 413.5, 13], [436.2, 445.2, 13], [488.4, 498.2, 13], [546.9, 555.8, 13], [567.0, 572.2, 13], [595.2, 602.8, 13], [615.7, 623.5, 13], [664.8, 674.2, 13], [686.4, 693.1, 13], [727.7, 735.5, 13], [748.1, 755.1, 13], [790.7, 799.1, 13], [841.2, 855.6, 13], [868.0, 872.5, 13]]

video_validation_0000481
[[0.8, 9.4, 14], [34.4, 42.4, 14], [55.8, 60.9, 14], [62.6, 71.6, 14], [85.1, 92.2, 14], [101.5, 107.0, 14], [111.5, 116.1, 14], [129.1, 137.1, 14], [146.7, 150.5, 14], [151.0, 158.7, 14], [172.8, 184.3, 14], [192.2, 197.5, 14], [199.8, 204.1, 14], [214.5, 223.5, 14], [233.5, 238.5, 14], [239.4, 247.6, 14], [266.3, 276.6, 14], [288.1, 293.6, 14], [294.8, 300.0, 14], [313.9, 324.0, 14], [332.5, 337.6, 14], [339.4, 349.4, 14], [359.9, 370.8, 14], [380.5, 385.7, 14], [386.4, 394.7, 14], [400.2, 405.7, 14], [416.4, 422.4, 14]]

video_validation_0000482
[[27.7, 41.0, 14], [50.7, 59.6, 14], [65.7, 69.4, 14]]

video_validation_0000483
[[53.8, 70.9, 14], [79.4, 89.0, 14], [89.7, 94.9, 14]]

video_validation_0000484
[[15.1, 27.3, 14], [35.2, 38.8, 14], [78.2, 92.6, 14], [108.0, 112.2, 14], [116.1, 123.6, 14], [142.2, 152.7, 14], [161.5, 166.1, 14], [166.8, 175.1, 14], [200.3, 210.0, 14], [217.0, 221.7, 14], [223.2, 228.7, 14], [272.4, 283.3, 14], [293.8, 299.6, 14], [304.1, 311.2, 14], [340.7, 349.7, 14], [381.2, 393.1, 14], [400.9, 407.4, 14], [411.6, 419.8, 14], [453.4, 462.9, 14], [470.8, 476.1, 14], [480.9, 487.7, 14], [502.6, 512.0, 14], [520.3, 534.9, 14], [559.2, 571.4, 14], [584.0, 589.8, 14], [593.2, 601.0, 14], [633.1, 644.2, 14], [656.6, 660.8, 14], [665.2, 671.3, 14], [686.1, 695.4, 14], [701.4, 706.2, 14], [709.3, 715.5, 14], [739.3, 749.6, 14], [755.8, 761.8, 14], [767.0, 773.6, 14], [825.0, 832.5, 14], [841.0, 846.2, 14], [848.5, 858.6, 14], [891.9, 902.3, 14], [908.0, 913.3, 14], [914.0, 925.2, 14]]

video_validation_0000485
[[15.7, 24.7, 14], [36.2, 47.9, 14], [65.0, 74.6, 14], [87.4, 100.6, 14], [130.2, 139.5, 14], [151.2, 163.4, 14], [183.3, 190.6, 14], [205.5, 216.5, 14], [238.7, 242.5, 14]]

video_validation_0000486
[[10.2, 17.9, 14], [19.2, 25.5, 14], [25.9, 29.5, 14], [29.8, 37.6, 14], [40.0, 46.9, 14], [50.1, 55.2, 14], [58.2, 67.6, 14]]

video_validation_0000487
[[0.0, 7.8, 14], [57.4, 61.6, 14], [61.9, 68.0, 14], [69.6, 74.2, 14], [75.1, 88.0, 14], [92.3, 96.3, 14], [97.0, 103.4, 14], [104.0, 113.7, 14], [119.9, 124.6, 14], [124.7, 129.9, 14], [130.9, 133.3, 14], [134.0, 139.5, 14], [139.9, 146.4, 14], [148.4, 153.9, 14], [165.2, 169.8, 14], [170.3, 174.4, 14], [174.6, 177.7, 14], [179.3, 182.7, 14], [187.9, 191.6, 14], [193.7, 196.0, 14], [197.1, 202.7, 14], [205.9, 214.0, 14], [215.1, 224.1, 14], [228.5, 241.9, 14], [242.8, 252.4, 14], [255.9, 262.2, 14]]

video_validation_0000488
[[15.8, 27.4, 14], [27.9, 36.0, 14], [44.0, 51.6, 14], [51.9, 66.5, 14], [67.9, 82.2, 14], [82.9, 90.2, 14], [91.0, 106.4, 14]]

video_validation_0000489
[[3.2, 11.3, 14], [19.8, 27.4, 14], [87.8, 96.6, 14], [109.9, 115.6, 14], [157.0, 167.8, 14], [176.7, 183.0, 14]]

video_validation_0000490
[[83.3, 92.6, 14], [93.6, 98.8, 14], [99.4, 106.3, 14], [106.8, 111.5, 14], [112.6, 118.0, 14], [118.9, 125.3, 14], [126.9, 136.9, 14], [137.7, 145.1, 14], [145.7, 151.0, 14], [151.0, 157.2, 14], [158.1, 165.0, 14], [165.5, 171.2, 14], [171.7, 181.7, 14], [181.7, 188.3, 14], [188.3, 194.4, 14], [233.1, 236.1, 14], [237.7, 240.6, 14], [242.3, 245.9, 14], [248.2, 250.5, 14], [252.6, 255.2, 14], [258.4, 261.0, 14], [261.9, 265.7, 14], [267.0, 270.2, 14], [286.1, 288.0, 14], [291.0, 293.6, 14], [295.4, 298.3, 14], [299.8, 302.2, 14], [304.2, 307.4, 14], [317.5, 320.2, 14], [322.0, 324.9, 14], [327.0, 329.6, 14], [333.5, 336.2, 14], [338.1, 341.2, 14]]

video_validation_0000661
[[57.1, 65.3, 15], [110.0, 115.5, 15], [115.8, 120.8, 15], [121.0, 130.7, 15]]

video_validation_0000662
[[7.1, 18.6, 15], [19.2, 30.8, 15], [31.3, 42.9, 15], [43.0, 54.8, 15], [55.0, 74.0, 15], [74.2, 86.0, 15], [86.2, 96.9, 15]]

video_validation_0000663
[[0.0, 7.4, 15], [17.5, 24.1, 15], [62.5, 72.3, 15], [90.8, 95.4, 15], [96.4, 103.3, 15], [113.8, 120.8, 15], [122.1, 130.4, 15], [180.2, 187.5, 15], [189.6, 196.1, 15], [198.1, 204.6, 15], [206.4, 212.8, 15]]

video_validation_0000664
[[20.4, 29.9, 15], [33.8, 37.8, 15], [43.5, 49.2, 15], [53.0, 59.3, 15], [63.9, 68.6, 15], [72.7, 78.8, 15], [85.4, 93.1, 15], [97.6, 105.0, 15]]

video_validation_0000665
[[31.1, 36.1, 15], [36.4, 40.9, 15], [44.0, 50.0, 15], [51.4, 56.2, 15], [71.5, 83.3, 15], [84.6, 103.3, 15], [103.7, 117.0, 15], [153.6, 157.1, 14], [186.9, 195.4, 15], [195.6, 202.1, 15], [207.1, 212.4, 15], [212.7, 232.5, 15]]

video_validation_0000666
[[191.5, 204.3, 15], [216.3, 223.6, 15], [229.8, 238.5, 15], [271.8, 280.9, 15], [286.6, 298.0, 15], [313.8, 323.1, 15], [329.9, 337.7, 15], [351.1, 360.1, 15], [370.5, 377.7, 15], [385.0, 398.0, 15], [438.8, 451.0, 15], [455.1, 465.9, 15], [475.0, 485.8, 15], [493.7, 502.0, 15], [521.5, 530.7, 15], [538.3, 547.1, 15], [552.5, 560.7, 15], [568.2, 579.9, 15], [620.2, 634.3, 15], [642.8, 650.7, 15]]

video_validation_0000667
[[5.1, 14.8, 15], [29.6, 35.8, 15], [46.8, 54.4, 15]]

video_validation_0000668
[[0.0, 13.6, 15], [14.0, 23.0, 15], [23.4, 28.7, 15], [29.0, 35.4, 15], [35.6, 39.6, 15], [39.8, 45.5, 15], [46.6, 50.7, 15], [51.1, 58.3, 15], [58.6, 63.3, 15], [63.8, 70.7, 15], [70.9, 78.3, 15], [79.4, 84.5, 15], [85.0, 91.8, 15], [92.2, 96.6, 15], [97.1, 103.2, 15], [104.2, 108.5, 15], [108.9, 115.3, 15], [117.2, 122.6, 15], [123.3, 129.8, 15], [132.7, 137.0, 15], [137.7, 145.2, 15], [146.8, 151.8, 15], [152.6, 159.2, 15], [159.6, 164.2, 15], [164.7, 172.1, 15], [173.0, 177.9, 15], [178.3, 185.0, 15], [188.0, 193.1, 15], [193.6, 199.7, 15], [200.9, 206.9, 15], [207.4, 214.6, 15], [216.9, 231.2, 15], [232.2, 237.3, 15], [237.9, 244.1, 15], [246.0, 251.4, 15], [252.0, 258.5, 15], [259.3, 266.0, 15], [267.0, 272.1, 15], [272.5, 277.3, 15], [277.9, 284.8, 15], [285.9, 291.1, 15], [291.6, 297.8, 15], [300.1, 311.9, 15], [312.3, 320.0, 15], [321.9, 326.7, 15], [327.2, 332.6, 15], [333.2, 367.1, 15]]

video_validation_0000669
[[52.7, 59.1, 15], [65.0, 68.0, 15], [98.9, 103.9, 15], [117.3, 120.8, 15], [133.4, 137.5, 15], [142.1, 147.4, 15], [153.1, 157.6, 15], [164.5, 172.6, 15]]

video_validation_0000670
[[73.9, 91.6, 15]]

video_validation_0000681
[[44.0, 50.9, 1]]

video_validation_0000682
[[1.5, 5.4, 1], [79.3, 83.9, 1]]

video_validation_0000683
[[0.3, 5.5, 1], [7.5, 13.5, 1], [15.9, 18.1, 1], [23.8, 25.7, 1]]

video_validation_0000684
[[21.8, 23.3, 1], [40.0, 43.1, 1], [63.7, 66.6, 1]]

video_validation_0000685
[[18.7, 23.4, 1], [23.4, 26.7, 1], [43.8, 48.1, 1], [55.1, 58.2, 1], [63.2, 66.8, 1], [67.2, 71.3, 1], [78.4, 81.5, 1]]

video_validation_0000686
[[2.4, 5.0, 1]]

video_validation_0000687
[[5.1, 7.1, 1], [17.7, 20.5, 1]]

video_validation_0000688
[[77.6, 81.9, 1], [103.7, 106.7, 1], [127.3, 130.1, 1]]

video_validation_0000689
[[0.5, 4.9, 1]]

video_validation_0000690
[[5.7, 10.6, 1], [14.9, 18.1, 1], [35.0, 38.0, 1], [156.8, 161.3, 1], [251.6, 256.2, 1]]

video_validation_0000781
[[19.6, 20.9, 16], [34.5, 40.7, 16], [52.0, 57.9, 16], [74.5, 80.8, 16], [87.4, 94.9, 16]]

video_validation_0000782
[[35.1, 39.5, 16], [40.2, 43.5, 16], [68.3, 74.3, 16], [77.4, 80.1, 16], [87.1, 90.3, 16], [95.9, 99.2, 16]]

video_validation_0000783
[[5.2, 11.8, 16], [22.0, 27.4, 16], [59.1, 66.8, 16], [76.7, 81.6, 16], [95.8, 102.1, 16], [112.8, 115.4, 16], [120.8, 124.7, 16], [160.6, 166.3, 16], [176.9, 179.9, 16]]

video_validation_0000784
[[6.2, 11.2, 16], [20.1, 24.7, 16], [45.7, 50.7, 16]]

video_validation_0000785
[[14.4, 18.3, 16], [88.8, 96.6, 16], [97.9, 104.3, 16], [105.2, 109.7, 16]]

video_validation_0000786
[[7.9, 12.9, 19], [16.5, 20.8, 16], [26.6, 32.2, 16], [34.8, 42.1, 16], [47.8, 50.0, 16], [58.1, 62.9, 16], [65.6, 67.2, 16], [68.5, 74.0, 16], [76.4, 78.3, 16], [78.7, 79.8, 16], [80.8, 82.1, 16], [85.0, 87.3, 16], [90.1, 91.4, 16], [98.5, 100.3, 16]]

video_validation_0000787
[[4.2, 7.3, 16], [16.5, 20.0, 16]]

video_validation_0000788
[[8.3, 13.4, 16], [15.2, 20.9, 16], [39.8, 45.9, 16], [57.5, 59.8, 16], [62.0, 63.2, 16], [64.7, 67.0, 16]]

video_validation_0000789
[[0.7, 3.4, 16], [13.8, 19.2, 16], [20.2, 23.3, 16], [25.8, 33.9, 16], [36.8, 40.3, 16], [46.5, 52.3, 16], [57.4, 64.7, 16], [65.0, 70.7, 16], [73.9, 77.4, 16], [79.1, 84.3, 16], [85.1, 99.5, 16], [100.2, 107.7, 16], [108.4, 111.4, 16], [112.0, 115.1, 16], [118.2, 124.5, 16], [125.8, 132.1, 16], [136.9, 141.9, 16], [145.2, 157.6, 16], [161.0, 166.8, 16], [168.6, 174.6, 16], [175.5, 182.4, 16]]

video_validation_0000790
[[43.6, 60.9, 16]]

video_validation_0000851
[[11.8, 15.7, 17], [17.4, 20.5, 17]]

video_validation_0000852
[[3.2, 6.5, 17], [12.8, 15.8, 17], [16.6, 20.4, 17], [21.4, 24.5, 17], [25.8, 28.8, 17], [34.8, 37.5, 17], [38.1, 41.8, 17], [43.9, 46.5, 17], [47.2, 50.0, 17], [57.6, 60.7, 17], [61.1, 64.0, 17], [70.8, 73.7, 17], [80.2, 82.6, 17], [84.2, 86.6, 17], [90.0, 94.4, 17], [101.7, 104.6, 17], [105.0, 107.9, 17], [114.4, 117.2, 17], [124.0, 126.5, 17], [127.5, 131.0, 17], [134.7, 138.4, 17], [145.3, 148.2, 17], [149.6, 151.7, 17], [152.7, 155.1, 17], [157.8, 161.0, 17], [167.4, 170.3, 17], [170.8, 173.0, 17], [173.6, 175.2, 17], [176.9, 181.5, 17], [188.7, 192.4, 17], [194.0, 199.0, 17], [212.7, 216.5, 17]]

video_validation_0000853
[[0.4, 2.5, 17], [44.8, 48.6, 17], [51.6, 55.5, 17], [58.1, 61.9, 17], [65.9, 70.7, 17]]

video_validation_0000854
[[3.8, 4.7, 17]]

video_validation_0000855
[[2.4, 4.2, 17], [117.2, 119.0, 17], [137.4, 139.5, 17]]

video_validation_0000856
[[8.5, 10.0, 17], [19.9, 21.4, 17], [35.2, 38.9, 17], [56.6, 61.1, 17], [63.7, 65.0, 17], [70.4, 71.3, 17], [72.2, 76.0, 17], [84.3, 85.5, 17], [85.9, 91.5, 17]]

video_validation_0000857
[[3.8, 11.4, 17], [15.2, 17.7, 17], [20.4, 22.5, 17], [25.8, 28.2, 17], [31.1, 32.7, 17], [35.6, 38.2, 17], [39.9, 48.0, 17]]

video_validation_0000858
[[39.6, 44.5, 17], [55.8, 58.8, 17]]

video_validation_0000859
[[5.2, 7.4, 17], [26.4, 30.9, 17], [38.5, 46.1, 17]]

video_validation_0000860
[[6.4, 10.0, 17], [19.6, 26.1, 17]]

video_validation_0000901
[[6.2, 7.8, 2], [15.5, 16.4, 2], [20.5, 22.2, 2], [34.5, 36.2, 2], [42.7, 44.6, 2], [51.0, 52.5, 2], [63.6, 64.7, 2], [73.6, 76.5, 2], [81.9, 84.6, 2], [94.5, 95.9, 2], [98.7, 102.9, 2], [108.9, 111.0, 2]]

video_validation_0000902
[[3.0, 3.5, 2], [5.7, 6.2, 2], [7.1, 7.9, 2], [8.4, 9.0, 2], [11.0, 11.7, 2], [11.8, 12.1, 2], [12.2, 12.7, 2], [15.8, 16.9, 2], [20.0, 20.7, 2], [20.7, 21.3, 2], [25.8, 26.3, 2], [30.3, 30.8, 2], [35.1, 35.7, 2], [102.5, 104.5, 2], [111.7, 112.9, 2], [116.5, 118.4, 2], [121.5, 122.9, 2], [129.8, 131.7, 2], [138.5, 140.0, 2], [143.6, 144.5, 2], [144.5, 146.7, 2], [151.1, 152.3, 2], [155.8, 158.8, 2], [164.3, 167.1, 2], [176.8, 178.3, 2], [181.8, 184.5, 2], [191.1, 193.3, 2], [200.1, 201.9, 2], [204.8, 205.8, 2], [219.6, 220.2, 2], [227.3, 228.9, 2], [233.7, 234.7, 2], [239.4, 240.9, 2], [243.4, 244.4, 2], [248.2, 253.2, 2], [259.4, 262.0, 2], [267.0, 269.6, 2], [273.2, 275.1, 2], [279.9, 285.6, 2], [294.2, 295.7, 2], [298.5, 299.2, 2], [301.5, 304.6, 2], [308.9, 311.1, 2], [321.7, 322.9, 2], [327.4, 331.1, 2], [334.8, 337.2, 2], [339.6, 342.8, 2], [354.8, 355.9, 2], [362.7, 364.0, 2], [365.3, 368.6, 2], [372.2, 374.9, 2], [377.0, 380.6, 2], [434.9, 436.2, 2], [448.8, 452.0, 2], [457.1, 460.5, 2], [463.2, 468.0, 2], [473.6, 474.7, 2], [505.3, 509.1, 2], [512.8, 516.8, 2], [519.7, 523.6, 2], [584.6, 590.8, 2]]

video_validation_0000903
[[6.0, 8.0, 2], [11.4, 13.8, 2], [16.7, 19.2, 2], [22.0, 23.2, 2], [29.4, 32.0, 2], [33.9, 36.0, 2], [51.3, 53.0, 2], [60.0, 63.0, 2], [70.5, 72.1, 2], [82.6, 84.4, 2], [89.1, 91.1, 2], [95.3, 96.8, 2], [105.8, 109.2, 2], [128.3, 130.1, 2], [136.5, 138.7, 2], [141.2, 142.9, 2], [160.3, 163.5, 2], [167.4, 169.7, 2], [194.6, 195.9, 2], [198.7, 201.4, 2], [221.8, 224.2, 2], [231.8, 235.3, 2], [320.8, 323.7, 2], [331.0, 335.0, 2], [363.7, 364.6, 2], [375.8, 377.1, 2], [385.7, 387.8, 2], [391.0, 395.3, 2], [422.9, 425.0, 2], [432.1, 435.4, 2], [440.1, 441.8, 2], [444.6, 448.4, 2], [468.5, 470.2, 2], [474.2, 476.9, 2], [480.5, 483.1, 2], [495.3, 496.5, 2], [500.7, 503.4, 2], [507.4, 509.7, 2]]

video_validation_0000904
[[9.7, 11.4, 2], [18.6, 24.4, 2], [33.0, 34.3, 2], [40.1, 43.1, 2], [48.5, 50.1, 2], [53.4, 55.5, 2], [62.9, 65.2, 2], [67.7, 69.3, 2], [75.1, 76.4, 2], [80.8, 82.8, 2], [87.2, 89.5, 2], [91.6, 92.9, 2], [95.7, 97.1, 2], [101.7, 103.4, 2], [107.7, 109.1, 2], [113.9, 115.1, 2], [120.9, 122.1, 2], [126.8, 128.1, 2], [135.4, 136.6, 2], [143.3, 144.6, 2], [149.4, 151.2, 2], [155.9, 158.0, 2], [162.8, 163.7, 2], [167.9, 169.9, 2], [172.2, 173.3, 2], [177.6, 179.1, 2], [186.4, 187.6, 2], [192.7, 194.1, 2], [196.7, 198.3, 2], [203.6, 205.4, 2], [211.7, 213.7, 2], [220.5, 222.7, 2]]

video_validation_0000905
[[10.4, 11.0, 2], [16.2, 17.3, 2], [20.0, 21.5, 2], [24.6, 25.4, 2], [27.1, 28.3, 2], [46.7, 48.5, 2], [53.4, 55.0, 2], [57.2, 58.0, 2], [60.2, 61.6, 2], [64.2, 64.9, 2], [74.2, 75.8, 2], [81.0, 82.0, 2], [85.4, 86.3, 2], [92.6, 94.0, 2], [98.3, 99.4, 2], [118.6, 120.0, 2], [128.5, 130.0, 2], [135.7, 137.1, 2], [159.2, 161.1, 2]]

video_validation_0000906
[[42.9, 43.9, 2], [66.8, 70.5, 2], [74.1, 79.7, 2], [91.6, 93.7, 2], [96.3, 97.1, 2], [103.5, 109.8, 2], [112.7, 116.9, 2], [120.2, 123.3, 2], [129.9, 131.1, 2], [144.1, 147.4, 2], [153.4, 156.1, 2], [161.0, 163.7, 2], [166.2, 167.3, 2], [173.6, 176.2, 2], [180.9, 184.1, 2], [188.1, 192.5, 2], [196.7, 201.5, 2], [204.6, 206.9, 2], [266.6, 267.8, 2], [273.6, 276.1, 2], [280.9, 285.7, 2], [289.2, 290.6, 2], [297.5, 300.2, 2], [304.2, 307.5, 2], [346.7, 348.0, 2], [354.2, 358.5, 2], [361.6, 364.8, 2], [367.2, 370.1, 2], [373.4, 374.7, 2], [380.0, 383.6, 2], [386.1, 389.8, 2], [395.3, 396.5, 2], [408.2, 411.5, 2]]

video_validation_0000907
[[9.7, 10.8, 2], [16.8, 18.1, 2], [20.5, 23.4, 2], [31.7, 33.1, 2]]

video_validation_0000908
[[22.9, 25.8, 2], [30.8, 32.1, 2], [41.3, 43.5, 2], [49.3, 50.3, 2], [53.4, 55.2, 2], [58.3, 60.6, 2], [64.6, 67.9, 2], [70.3, 72.0, 2], [73.5, 76.5, 2], [78.5, 80.6, 2], [85.5, 88.4, 2], [89.5, 90.9, 2], [90.9, 91.8, 2], [97.0, 99.9, 2], [99.9, 101.5, 2], [104.6, 107.0, 2], [110.6, 113.4, 2], [117.8, 118.9, 2], [127.1, 128.7, 2], [134.0, 136.0, 2], [140.1, 142.3, 2], [148.9, 150.5, 2], [154.9, 156.9, 2], [162.1, 163.3, 2], [174.1, 176.2, 2], [178.9, 179.9, 2], [183.8, 186.4, 2], [190.0, 191.9, 2], [193.4, 196.4, 2], [205.0, 206.7, 2], [211.0, 214.5, 2], [217.4, 218.8, 2], [223.3, 225.0, 2], [228.6, 230.1, 2], [236.7, 239.8, 2], [240.9, 242.2, 2], [249.1, 252.0, 2], [255.7, 257.8, 2]]

video_validation_0000909
[[6.6, 7.6, 2], [13.3, 14.6, 2], [17.8, 19.8, 2], [22.9, 24.3, 2], [29.5, 30.8, 2], [37.6, 38.2, 2], [41.4, 42.8, 2], [46.1, 47.8, 2], [52.0, 54.4, 2], [58.5, 59.5, 2], [64.2, 65.6, 2], [70.8, 72.1, 2], [78.0, 79.4, 2], [82.7, 83.9, 2], [87.2, 88.7, 2], [91.9, 93.1, 2], [96.1, 97.3, 2], [101.6, 103.7, 2], [108.9, 109.9, 2], [112.6, 113.9, 2], [118.0, 120.0, 2], [130.9, 131.9, 2], [141.0, 143.3, 2], [147.6, 148.9, 2], [150.6, 151.7, 2], [153.3, 155.0, 2], [160.5, 162.5, 2], [168.5, 170.3, 2], [173.2, 176.0, 2], [178.9, 182.1, 2], [182.5, 185.5, 2]]

video_validation_0000910
[[9.9, 11.2, 2], [16.5, 18.3, 2], [19.1, 22.9, 2], [26.9, 28.2, 2], [35.0, 36.8, 2], [40.6, 41.7, 2], [50.2, 51.8, 2], [54.2, 56.4, 2], [61.5, 62.7, 2], [69.8, 70.8, 2], [71.9, 72.5, 2], [74.2, 75.2, 2], [79.8, 81.2, 2], [88.7, 90.9, 2], [93.5, 97.4, 2], [101.2, 102.8, 2], [105.0, 106.2, 2], [107.1, 108.1, 2], [108.9, 112.4, 2], [124.3, 125.2, 2], [127.1, 127.5, 2], [128.6, 131.0, 2], [136.1, 136.8, 2], [141.5, 142.5, 2], [143.5, 146.3, 2], [150.6, 151.6, 2], [155.0, 156.5, 2], [160.7, 163.1, 2], [169.4, 170.6, 2], [172.7, 173.4, 2], [174.6, 175.2, 2], [175.7, 176.5, 2], [176.6, 177.5, 2], [177.9, 178.5, 2], [178.7, 179.8, 2]]

video_validation_0000931
[[31.4, 34.0, 18], [34.5, 37.1, 18], [38.8, 40.5, 18], [57.5, 59.2, 18], [61.6, 64.4, 18], [65.4, 67.1, 18]]

video_validation_0000932
[[2.8, 3.3, 10], [3.3, 3.8, 18], [4.6, 4.8, 18], [16.0, 16.6, 10], [16.7, 17.3, 10], [17.4, 18.0, 10], [27.1, 28.5, 10], [49.6, 51.2, 18], [51.4, 51.9, 18], [52.0, 52.6, 18], [52.7, 53.1, 18], [53.5, 53.9, 18], [54.1, 54.4, 18], [62.8, 64.0, 18]]

video_validation_0000933
[[6.7, 7.4, 18], [9.4, 10.1, 18], [10.9, 11.9, 18], [12.9, 13.7, 18], [14.4, 15.2, 18], [16.4, 18.0, 18], [20.3, 22.1, 18], [29.1, 33.0, 18], [88.5, 89.5, 18], [113.4, 115.0, 18], [115.6, 117.2, 18]]

video_validation_0000934
[[9.4, 10.6, 18], [28.5, 33.4, 18], [54.5, 58.2, 18]]

video_validation_0000935
[[34.2, 35.7, 18], [37.8, 39.0, 18], [41.3, 42.5, 18], [44.4, 45.7, 18], [47.6, 48.8, 18], [51.5, 53.1, 18], [54.4, 55.6, 18], [57.9, 59.0, 18], [61.0, 62.7, 18], [64.3, 65.7, 18], [67.8, 70.1, 18]]

video_validation_0000936
[[0.5, 6.5, 18], [19.4, 27.9, 18], [28.7, 32.4, 18], [37.8, 42.0, 18]]

video_validation_0000937
[[4.5, 4.8, 18], [8.3, 9.3, 18], [11.4, 12.6, 18], [13.6, 15.3, 18], [15.9, 17.2, 18], [22.6, 24.1, 18], [39.7, 40.8, 18], [41.5, 42.3, 18], [44.0, 45.0, 18]]

video_validation_0000938
[[7.9, 19.6, 18], [25.1, 34.0, 18]]

video_validation_0000939
[[16.8, 19.4, 18], [19.4, 22.2, 18], [33.0, 34.1, 18], [34.9, 37.3, 18], [38.8, 40.8, 18], [42.4, 44.8, 18], [51.6, 54.2, 18], [54.8, 56.8, 18], [71.0, 73.2, 18], [74.7, 77.0, 18], [78.9, 80.7, 18], [86.2, 91.5, 18]]

video_validation_0000940
[[9.3, 13.3, 18], [13.7, 18.1, 18]]

video_validation_0000941
[[21.4, 27.3, 19], [65.8, 71.2, 19], [79.5, 87.1, 19], [120.0, 128.5, 19], [145.7, 148.2, 19], [156.8, 163.4, 19], [188.3, 193.8, 19], [204.3, 211.9, 19]]

video_validation_0000942
[[1.3, 9.8, 19], [18.8, 26.8, 19], [40.0, 44.2, 19], [53.0, 60.4, 19]]

video_validation_0000943
[[5.0, 12.0, 19], [14.3, 20.8, 19], [26.2, 29.7, 19], [63.3, 69.2, 19], [70.0, 75.3, 19]]

video_validation_0000944
[[6.0, 12.5, 19], [15.8, 18.2, 19], [18.8, 21.8, 19], [22.6, 27.1, 19], [27.4, 30.7, 19], [35.8, 37.2, 19], [37.4, 38.1, 19], [38.2, 39.0, 19], [39.2, 39.9, 19], [40.0, 40.6, 19], [40.8, 41.5, 19], [41.7, 42.2, 19], [42.5, 43.1, 19], [43.4, 44.0, 19], [44.2, 44.8, 19], [45.1, 45.8, 19], [45.9, 46.7, 19], [46.8, 47.5, 19], [47.8, 48.4, 19], [48.6, 49.2, 19], [49.6, 50.2, 19], [50.4, 51.2, 19], [51.4, 52.1, 19], [52.2, 53.0, 19], [53.2, 53.9, 19], [54.0, 54.9, 19], [55.0, 55.8, 19], [56.0, 58.6, 19], [59.3, 61.4, 19], [62.5, 64.9, 19], [64.9, 66.9, 19], [67.0, 68.0, 19], [68.1, 68.8, 19], [68.8, 69.3, 19], [69.4, 69.9, 19], [70.0, 70.8, 19], [70.8, 71.3, 19], [71.4, 71.9, 19], [72.0, 72.7, 19], [72.8, 73.2, 19], [73.3, 73.8, 19], [73.8, 74.6, 19], [74.7, 77.1, 19], [77.6, 80.0, 19], [80.9, 82.8, 19], [82.9, 85.7, 19], [86.5, 89.2, 19], [89.5, 92.1, 19], [92.4, 94.6, 19], [95.3, 98.3, 19], [98.4, 101.0, 19], [108.0, 113.7, 19], [118.0, 122.5, 19], [138.8, 142.1, 19], [142.2, 143.7, 19], [143.8, 144.3, 19], [144.3, 144.8, 19], [144.9, 145.7, 19], [145.8, 146.3, 19], [146.4, 146.8, 19], [146.8, 147.7, 19], [147.7, 148.2, 19], [148.3, 148.8, 19], [148.8, 149.6, 19], [149.6, 153.1, 19], [153.3, 155.8, 19], [156.8, 160.0, 19], [160.1, 164.3, 19], [164.6, 167.0, 19], [167.7, 170.2, 19], [170.8, 174.4, 19], [174.8, 177.9, 19], [178.1, 180.3, 19], [181.4, 184.1, 19], [184.6, 187.1, 19]]

video_validation_0000945
[[2.4, 7.0, 19], [28.0, 29.3, 19], [29.5, 31.9, 19], [32.2, 35.5, 19], [36.0, 42.0, 19], [42.3, 45.8, 19], [46.2, 52.3, 19], [52.6, 56.4, 19], [56.6, 61.8, 19], [62.2, 66.4, 19], [66.7, 72.2, 19], [72.5, 76.1, 19], [76.3, 82.4, 19], [82.6, 86.5, 19], [86.8, 91.7, 19], [91.9, 97.8, 19], [98.0, 101.5, 19], [101.8, 109.4, 19], [109.5, 115.2, 19], [115.4, 121.0, 19], [121.4, 123.7, 19]]

video_validation_0000946
[[5.5, 12.2, 19], [16.6, 82.2, 19]]

video_validation_0000947
[[0.0, 98.2, 19]]

video_validation_0000948
[[0.0, 24.7, 19]]

video_validation_0000949
[[4.9, 9.2, 19]]

video_validation_0000950
[[4.9, 9.2, 19]]

video_validation_0000981
[[4.3, 7.0, 20], [7.5, 9.1, 20], [12.5, 14.2, 20], [22.2, 23.2, 20], [37.6, 38.9, 20], [45.1, 46.5, 20], [54.9, 57.0, 20], [62.3, 63.8, 20], [69.7, 73.6, 20], [75.1, 76.4, 20], [77.7, 80.6, 20], [84.5, 85.6, 20], [88.6, 90.1, 20], [90.8, 91.3, 20], [91.7, 92.3, 20], [92.4, 92.8, 20], [94.4, 95.4, 20], [103.6, 104.9, 20], [110.7, 111.1, 20], [115.2, 116.4, 20]]

video_validation_0000982
[[5.8, 6.2, 20], [16.3, 18.2, 20]]

video_validation_0000983
[[36.2, 36.8, 20], [37.3, 38.2, 20], [41.8, 43.3, 20], [46.0, 47.2, 20], [47.2, 48.3, 20], [48.8, 49.9, 20], [50.7, 52.0, 20], [52.3, 53.0, 20], [53.2, 53.8, 20], [54.0, 54.7, 20], [58.4, 59.0, 20], [63.0, 63.7, 20], [63.9, 64.5, 20], [64.8, 65.4, 20], [65.7, 66.3, 20], [66.5, 67.3, 20], [72.4, 73.2, 20], [74.5, 75.6, 20], [76.7, 77.8, 20], [78.7, 79.8, 20], [80.9, 81.7, 20], [81.9, 82.6, 20], [82.8, 83.1, 20], [83.5, 84.1, 20], [84.1, 84.7, 20], [84.8, 85.4, 20], [85.6, 86.4, 20], [87.5, 88.9, 20], [93.0, 94.3, 20], [93.9, 94.8, 20], [96.1, 97.4, 20], [96.9, 97.7, 20], [98.5, 99.5, 20], [100.0, 100.6, 20], [101.0, 101.5, 20], [101.8, 102.2, 20], [102.7, 103.0, 20], [103.3, 103.9, 20], [104.2, 104.6, 20], [105.1, 105.5, 20], [105.8, 106.3, 20], [106.5, 107.0, 20], [107.9, 108.8, 20], [109.7, 110.9, 20], [111.7, 113.0, 20]]

video_validation_0000984
[[16.3, 17.5, 20], [27.3, 30.8, 20], [34.0, 35.8, 20], [39.1, 43.4, 20]]

video_validation_0000985
[[8.7, 10.6, 20], [20.5, 27.8, 20], [29.9, 34.8, 20], [44.3, 46.4, 20], [54.8, 67.3, 20], [80.4, 86.9, 20], [112.3, 120.0, 20], [128.8, 130.5, 20], [147.7, 154.1, 20], [155.9, 163.7, 20], [164.1, 167.5, 20], [180.4, 186.3, 20]]

video_validation_0000986
[[2.7, 4.0, 20], [7.5, 8.8, 20], [12.3, 14.0, 20], [16.7, 18.4, 20]]

video_validation_0000987
[[1.0, 2.7, 20], [4.8, 6.7, 20], [9.6, 11.0, 20], [12.6, 13.9, 20], [15.3, 16.5, 20], [17.6, 18.9, 20], [20.5, 21.7, 20], [23.2, 24.6, 20], [26.1, 26.9, 20], [27.9, 29.1, 20], [30.6, 31.5, 20], [32.5, 33.7, 20], [35.4, 36.2, 20], [37.1, 38.0, 20], [39.2, 40.0, 20], [40.6, 42.1, 20], [43.7, 44.8, 20], [46.1, 47.0, 20], [49.8, 51.0, 20], [52.4, 53.8, 20], [55.5, 57.0, 20], [57.6, 58.5, 20], [60.6, 61.6, 20], [62.3, 63.1, 20], [64.4, 65.8, 20], [66.6, 67.9, 20], [69.8, 70.9, 20], [71.7, 73.9, 20], [75.9, 76.7, 20], [78.8, 80.3, 20], [81.1, 82.1, 20], [83.3, 84.4, 20], [86.1, 86.9, 20], [87.7, 88.9, 20], [90.2, 91.5, 20], [93.3, 94.5, 20], [96.8, 98.6, 20], [99.6, 102.2, 20]]

video_validation_0000988
[[7.2, 10.2, 20], [11.3, 29.9, 20], [53.9, 70.2, 20], [80.9, 97.6, 20], [104.3, 106.4, 20]]

video_validation_0000989
[[15.1, 17.3, 20], [17.9, 19.2, 20], [19.6, 22.2, 20], [22.6, 24.4, 20], [24.7, 25.5, 20], [26.8, 28.4, 20], [28.9, 30.4, 20], [31.3, 33.3, 20]]

video_validation_0000990
[[53.4, 55.4, 20], [61.2, 62.8, 20], [67.5, 69.6, 20], [78.7, 80.5, 20], [83.3, 85.3, 20], [92.1, 93.9, 20], [99.7, 101.6, 20], [103.6, 110.4, 20]]

